!@c
[Domain]
NX=384
NY=192
NZ=192

[Grid] 
Lx=62.831853071795862d0
Ly=31.415926535897931d0
Lz=0.104d0
x0=start
y0=start
z0=custom
XGridtype=uniform
YGridtype=uniform
ZGridtype=custom

[PercentStretching]
rx=4.d0
ry=4.d0
rz=4.d0
mindx=0.1d0
mindy=0.1d0
mindz=0.1d0
percentstretchinginx=1.01d0
percentstretchinginy=1.02d0
percentstretchinginz=1.03d0

